240.0,739.0,Helsinki,0
242.0,731.0,Vantaa,1
266.0,724.0,Porvoo,2
283.0,719.0,Loviisa,3
230.0,738.0,Espoo,4
187.0,754.0,Raasepori,5
172.0,764.0,Hanko,6
178.0,725.0,Salo,7
160.0,721.0,Paimio,8
150.0,722.0,Turku,9
137.0,719.0,Naantali,10
143.0,718.0,Raisio,11
117.0,695.0,Uusikaupunki,12
121.0,671.0,Rauma,13
128.0,679.0,Laitila,14
132.0,648.0,Pori,15
195.0,697.0,Vorssa,16
174.0,693.0,Loimaa,17
245.0,724.0,Kerava,18
244.0,720.0,Jarvenpaa,19
238.0,708.0,Hyvinkaa,20
266.0,696.0,Orimattila,21
317.0,710.0,Hamina,22
309.0,719.0,Kotka,23
301.0,687.0,Kouvola,24
263.0,684.0,Lahti,25
222.0,682.0,Hameenlinna,26
201.0,671.0,Akaa,27
208.0,664.0,Valkeakoski,28
214.0,716.0,Karkkila,29
144.0,659.0,Harjavalta,30
150.0,663.0,Kurikka,31
161.0,670.0,Huittinen,32
152.0,625.0,Kankaanpaa,33
174.0,628.0,Ikaalinen,34
175.0,608.0,Parkano,35
190.0,649.0,Nokia,36
193.0,644.0,Ylojarvi,37
200.0,647.0,Tampere,38
315.0,632.0,Mikkeli,39
276.0,667.0,Heinola,40
219.0,634.0,Orivesi,41
120.0,576.0,Narpio,42
117.0,582.0,Kaskinen,43
120.0,591.0,Kristiinankaupunki,44
146.0,581.0,Jalasjarvi,45
131.0,533.0,Vaasa,46
246.0,621.0,Jamsa,47
195.0,594.0,Virrat,48
264.0,593.0,Jyvaskyla,49
230.0,593.0,Keuruu,50
309.0,590.0,Pieksamaki,51
293.0,610.0,Kangasniemi,52
334.0,615.0,Juva,53
299.0,634.0,Hirvensalmi,54
303.0,650.0,Mantyharju,55
371.0,615.0,Savonlinna,56
369.0,665.0,Imatra,57
350.0,676.0,Lappeenranta,58
208.0,649.0,Kangasala,59
194.0,570.0,Alavus,60
209.0,574.0,Ahtari,61
177.0,534.0,Kauhava,62
174.0,543.0,Lapua,63
169.0,556.0,Seinajoki,64
154.0,568.0,Kurikka,65
181.0,483.0,Kokkola,66
165.0,494.0,Pietarsaari,67
159.0,504.0,Uusikaarlepyy,68
197.0,502.0,Kaustinen,69
200.0,541.0,Alajarvi,70
247.0,561.0,Saarijarvi,71
265.0,568.0,Aanekoski,72
265.0,535.0,Viitasaari,73
308.0,565.0,Suonenjoki,74
325.0,547.0,Kuopio,75
333.0,586.0,Varkaus,76
223.0,421.0,Raahe,77
204.0,452.0,Kalajoki,78
231.0,451.0,Oulainen,79
247.0,488.0,Haapajarvi,80
204.0,477.0,Kannus,81
225.0,466.0,Ylivieska,82
237.0,476.0,Nivala,83
308.0,497.0,Kiuruvesi,84
398.0,562.0,Joensuu,85
410.0,596.0,Kitee,86
378.0,455.0,Kuhmo,87
320.0,454.0,Kajaani,88
252.0,397.0,Oulu,89
357.0,325.0,Kuusamo,90
212.0,338.0,Tornio,91
224.0,348.0,Kemi,92
256.0,291.0,Rovaniemi,93
303.0,274.0,Kemijarvi,94
299.0,136.0,Inari,95
277.0,226.0,Sodankyla,96
199.0,190.0,Muonio,97
195.0,157.0,Enontekio,98
281.0,45.0,Utsjoki,99
337.0,523.0,Nilsia,100
369.0,555.0,Outokumpu,101
249.0,460.0,Haapavesi,102
289.0,494.0,Kiuruvesi,103
269.0,493.0,Pyhajarvi,104
226.0,610.0,Mantta-Vilppula,105
295.0,373.0,Pudasjarvi,106
361.0,332.0,NULL,107
360.0,340.0,NULL,108
356.0,348.0,NULL,109
351.0,357.0,NULL,110
357.0,365.0,NULL,111
356.0,377.0,NULL,112
355.0,388.0,NULL,113
352.0,400.0,NULL,114
353.0,409.0,NULL,115
347.0,417.0,NULL,116
337.0,430.0,NULL,117
335.0,439.0,NULL,118
354.0,403.0,Suomussalmi,119
343.0,417.0,Hyrynsalmi,120
340.0,457.0,Sotkamo,121
331.0,355.0,Taivalkoski,122
316.0,405.0,Puolanka,123
302.0,262.0,NULL,124
303.0,250.0,NULL,125
298.0,239.0,NULL,126
288.0,232.0,NULL,127
282.0,239.0,NULL,128
279.0,249.0,NULL,129
272.0,257.0,NULL,130
271.0,279.0,NULL,131
246.0,300.0,NULL,132
245.0,313.0,NULL,133
230.0,318.0,NULL,134
224.0,337.0,NULL,135
298.0,152.0,NULL,136
291.0,167.0,NULL,137
292.0,179.0,NULL,138
284.0,189.0,NULL,139
283.0,204.0,NULL,140
282.0,213.0,NULL,141
265.0,221.0,NULL,142
251.0,216.0,NULL,143
240.0,213.0,NULL,144
235.0,206.0,NULL,145
226.0,192.0,NULL,146
216.0,196.0,NULL,147
198.0,202.0,NULL,148
198.0,213.0,NULL,149
203.0,225.0,NULL,150
206.0,239.0,NULL,151
210.0,250.0,NULL,152
211.0,263.0,NULL,153
208.0,279.0,NULL,154
205.0,290.0,NULL,155
199.0,305.0,Ylitornio,156
207.0,316.0,NULL,157
240.0,351.0,NULL,158
249.0,362.0,NULL,159
246.0,377.0,Ii,160
245.0,387.0,Haukipudas,161
259.0,387.0,NULL,162
271.0,384.0,NULL,163
284.0,379.0,NULL,164
313.0,367.0,NULL,165
339.0,345.0,NULL,166
346.0,335.0,NULL,167
356.0,306.0,NULL,168
343.0,303.0,NULL,169
325.0,284.0,NULL,170
321.0,276.0,NULL,171
286.0,275.0,NULL,172
251.0,265.0,NULL,173
236.0,245.0,NULL,174
236.0,221.0,NULL,175
184.0,165.0,NULL,176
193.0,176.0,NULL,177
298.0,125.0,NULL,178
287.0,118.0,NULL,179
284.0,111.0,NULL,180
291.0,105.0,NULL,181
290.0,68.0,NULL,182
253.0,411.0,NULL,183
237.0,418.0,NULL,184
258.0,425.0,NULL,185
260.0,436.0,NULL,186
267.0,445.0,NULL,187
262.0,458.0,NULL,188
263.0,470.0,NULL,189
276.0,466.0,NULL,190
285.0,460.0,NULL,191
313.0,458.0,NULL,192
311.0,471.0,NULL,193
313.0,482.0,NULL,194
317.0,512.0,NULL,195
319.0,523.0,NULL,196
326.0,538.0,NULL,197
216.0,436.0,NULL,198
196.0,466.0,NULL,199
189.0,479.0,NULL,200
213.0,476.0,NULL,201
226.0,477.0,NULL,202
209.0,513.0,NULL,203
224.0,527.0,NULL,204
228.0,537.0,NULL,205
212.0,539.0,NULL,206
185.0,541.0,NULL,207
156.0,516.0,NULL,208
147.0,526.0,NULL,209
136.0,544.0,NULL,210
129.0,562.0,NULL,211
127.0,573.0,NULL,212
124.0,582.0,NULL,213
125.0,590.0,NULL,214
126.0,602.0,NULL,215
129.0,617.0,NULL,216
134.0,638.0,NULL,217
127.0,656.0,NULL,218
129.0,665.0,NULL,219
133.0,673.0,NULL,220
147.0,671.0,NULL,221
129.0,690.0,NULL,222
143.0,676.0,NULL,223
138.0,701.0,NULL,224
200.0,161.0,NULL,225
368.0,497.0,Nurmes,226
400.0,512.0,Lieksa,227
169.0,726.0,NULL,228
189.0,725.0,NULL,229
202.0,727.0,NULL,230
215.0,729.0,NULL,231
207.0,739.0,NULL,232
197.0,748.0,NULL,233
178.0,740.0,NULL,234
257.0,731.0,NULL,235
277.0,716.0,NULL,236
297.0,717.0,NULL,237
307.0,701.0,NULL,238
315.0,686.0,NULL,239
327.0,686.0,NULL,240
323.0,699.0,NULL,241
254.0,709.0,NULL,242
230.0,698.0,NULL,243
240.0,674.0,NULL,244
251.0,682.0,NULL,245
222.0,663.0,NULL,246
261.0,673.0,NULL,247
254.0,665.0,NULL,248
247.0,654.0,NULL,249
246.0,644.0,NULL,250
251.0,635.0,NULL,251
254.0,612.0,NULL,252
262.0,608.0,NULL,253
164.0,617.0,NULL,254
144.0,630.0,NULL,255
345.0,474.0,NULL,256
358.0,487.0,NULL,257
370.0,514.0,NULL,258
386.0,527.0,NULL,259
396.0,540.0,NULL,260
409.0,579.0,NULL,261
400.0,613.0,NULL,262
393.0,632.0,NULL,263
382.0,652.0,NULL,264
328.0,627.0,NULL,265
348.0,609.0,NULL,266
304.0,617.0,NULL,267
332.0,665.0,NULL,268
322.0,663.0,NULL,269
323.0,651.0,NULL,270
317.0,647.0,NULL,271
314.0,669.0,NULL,272
283.0,686.0,NULL,273
290.0,651.0,NULL,274
275.0,646.0,NULL,275
276.0,633.0,NULL,276
278.0,605.0,NULL,277
269.0,600.0,NULL,278
270.0,593.0,NULL,279
289.0,354.0,NULL,280
282.0,332.0,NULL,281
272.0,315.0,NULL,282
272.0,309.0,NULL,283
265.0,305.0,NULL,284
270.0,300.0,NULL,285
281.0,300.0,NULL,286
314.0,314.0,NULL,287
322.0,312.0,NULL,288
338.0,320.0,NULL,289
315.0,377.0,NULL,290
317.0,389.0,NULL,291
325.0,411.0,NULL,292
323.0,425.0,NULL,293
326.0,437.0,NULL,294
307.0,431.0,NULL,295
292.0,427.0,NULL,296
282.0,415.0,NULL,297
266.0,412.0,NULL,298
371.0,488.0,NULL,299
378.0,481.0,NULL,300
379.0,472.0,NULL,301
384.0,464.0,NULL,302
384.0,499.0,NULL,303
405.0,530.0,NULL,304
407.0,545.0,NULL,305
350.0,570.0,NULL,306
371.0,570.0,NULL,307
381.0,561.0,NULL,308
356.0,551.0,NULL,309
339.0,542.0,NULL,310
334.0,642.0,NULL,311
347.0,639.0,NULL,312
362.0,649.0,NULL,313
374.0,659.0,NULL,314
293.0,676.0,NULL,315
281.0,661.0,NULL,316
149.0,609.0,NULL,317
150.0,591.0,NULL,318
242.0,524.0,NULL,319
238.0,513.0,NULL,320
229.0,504.0,NULL,321
233.0,497.0,NULL,322
245.0,494.0,NULL,323
262.0,575.0,NULL,324
289.0,563.0,NULL,325
295.0,585.0,NULL,326
323.0,560.0,NULL,327
212.0,692.0,NULL,328
177.0,703.0,NULL,329
166.0,712.0,NULL,330
216.0,623.0,NULL,331
210.0,612.0,NULL,332
202.0,592.0,NULL,333
227.0,571.0,NULL,334
230.0,556.0,NULL,335
243.0,539.0,NULL,336
279.0,529.0,NULL,337
288.0,526.0,NULL,338
298.0,526.0,NULL,339
310.0,522.0,NULL,340
318.0,532.0,NULL,341
324.0,532.0,NULL,342
337.0,526.0,NULL,343
350.0,514.0,NULL,344
359.0,509.0,NULL,345
349.0,499.0,NULL,346
343.0,503.0,NULL,347
333.0,494.0,NULL,348
324.0,496.0,NULL,349
318.0,493.0,NULL,350
351.0,461.0,NULL,351
362.0,458.0,NULL,352
260.0,693.0,NULL,353
159.0,697.0,NULL,354
162.0,691.0,NULL,355
167.0,659.0,NULL,356
160.0,651.0,NULL,357
160.0,630.0,NULL,358
234.0,460.0,NULL,359
242.0,442.0,NULL,360
244.0,430.0,NULL,361
251.0,424.0,NULL,362
166.0,576.0,NULL,363
172.0,593.0,NULL,364
154.0,557.0,NULL,365
146.0,540.0,NULL,366
247.0,593.0,NULL,367
234.0,582.0,NULL,368
316.0,614.0,NULL,369
295.0,476.0,NULL,370
258.0,515.0,NULL,371
262.0,504.0,NULL,372
243.0,284.0,NULL,373
230.0,283.0,NULL,374
218.0,271.0,NULL,375
266.0,451.0,NULL,376
251.0,445.0,NULL,377
241.0,435.0,NULL,378
207.0,271.0,NULL,379
190.0,517.0,NULL,380
206.0,554.0,NULL,381
193.0,551.0,NULL,382
135.0,575.0,NULL,383
184.0,595.0,NULL,384
219.0,576.0,NULL,385
303.0,367.0,NULL,386
333.0,461.0,NULL,387
384.0,617.0,NULL,388
389.0,624.0,NULL,389
158.0,707.0,NULL,390
331.0,573.0,NULL,391
384.0,608.0,NULL,392
393.0,603.0,NULL,393
400.0,596.0,NULL,394
193.0,627.0,NULL,395
200.0,620.0,NULL,396
195.0,612.0,NULL,397
170.0,527.0,NULL,398
170.0,517.0,NULL,399
182.0,503.0,NULL,400
160.0,543.0,NULL,401
245.0,668.0,NULL,402
242.0,661.0,NULL,403
245.0,694.0,NULL,404
220.0,701.0,NULL,405
433.0,552.0,Ilomantsi,406
424.0,562.0,NULL,407
188.0,712.0,NULL,408
186.0,698.0,NULL,409
201.0,524.0,NULL,410
241.0,613.0,NULL,411