798
137
186
355
123
425
534
361
350
387
514
198
290
388
234
273
102
191
50
55
69
91
126
104
112
82
85
121
150
69
220
219
186
306
212
266
177
169
156
215
147
344
614
542
471
527
503
225
301
386
309
296
281
299
207
174
340
378
225
170
340
316
376
367
347
332
455
402
382
377
315
299
404
298
281
400
299
430
456
452
385
421
418
389
356
351
292
433
440
465
546
599
603
560
331
654
769
245
395
178
110
115
115
107
104
69
99
100
99
92
104
100
115
98
96
80
86
96
8
7
10
12
8
14
21
14
19
22
26
24
38
45
38
43
18
30
5
7
10
13
23
17
19
11
17
26
27
13
39
34
31
64
40
51
29
29
27
31
13
26
68
66
88
75
73
30
46
42
43
45
39
40
29
23
50
38
31
26
53
50
65
60
57
58
87
80
76
75
65
53
47
65
51
57
50
95
96
91
77
88
87
82
75
70
63
89
87
98
104
102
100
114
108
118
111
114
116
121
69
70
84
75
69
37
100
97
95
91
131
114
116
242
298
150
311
253
19
23
13
11
22
58
107
76
97
38
131
102
201
119
190
293
91
36
23
17
23
30
37
26
29
27
35
81
97
52
96
189
36
179
177
110
131
79
107
114
48
38
222
178
152
126
148
71
231
52
165
188
98
156
117
94
194
123
95
73
263
247
120
107
99
125
183
91
260
199
135
114
152
233
237
85
106
260
126
245
105
304
194
90
248
256
178
250
129
282
176
238
328
340
338
338
329
335
333
345
317
313
332
327
313
177
281
291
343
329
345
336
408
369
337
323
328
319
18
23
8
5
25
79
117
70
101
118
91
131
141
213
41
232
83
141
30
23
35
40
11
10
15
35
17
84
103
55
52
190
128
244
53
175
143
132
28
88
54
142
92
315
287
313
61
227
251
211
159
167
91
133
118
72
208
96
30
125
180
203
329
298
344
81
128
344
256
221
443
276
58
278
64
246
90
266
119
226
326
258
333
279
114
77
232
150
317
328
344
337
344
348
343
353
332
362
339
338
327
70
364
314
306
206
189
335
339
330
331
340
457
345
381
478
404
357
9
31
20
38
5
32
54
30
51
59
64
70
142
118
138
164
25
165
16
16
25
56
95
51
73
49
47
87
104
20
154
145
75
228
154
224
146
28
120
176
75
142
231
329
94
265
99
155
168
214
126
235
108
199
125
127
234
180
150
105
217
229
122
293
60
257
106
329
307
315
304
49
231
108
254
95
243
136
324
325
310
313
320
313
310
323
291
79
329
333
352
345
329
475
441
444
339
335
345
342
327
320
323
312
312
163
195
332
334
329
328
337
336
352
324
77
63
59
6
6
7
11
5
4
4
4
5
4
4
6
14
14
11
20
8
11
7
5
7
11
16
14
14
10
9
11
13
7
17
15
12
22
24
26
20
19
18
24
14
20
34
32
33
32
43
26
31
31
27
33
33
29
26
22
42
28
23
17
34
34
44
43
39
37
58
52
49
48
40
39
35
41
37
43
35
70
61
63
51
56
59
56
51
50
69
67
62
65
73
70
68
85
71
76
72
79
75
78
46
50
59
51
49
25
64
64
65
64
69
67
69
65
64
55
57
55
6
6
8
11
5
4
2
4
5
6
7
6
13
14
9
20
7
10
6
6
6
10
15
13
11
10
9
11
16
7
16
15
13
22
21
26
20
18
16
23
15
21
36
33
32
33
44
25
31
32
35
38
33
30
26
24
43
29
28
20
40
41
58
56
37
36
53
51
49
49
43
39
35
41
39
45
35
63
60
65
52
56
58
57
51
50
43
60
58
61
66
70
70
70
72
78
74
75
82
76
50
50
59
52
49
25
65
74
64
62
68
66
69
65
65
54
57
55
8
8
11
12
7
5
7
5
6
6
5
4
12
12
12
17
6
9
8
6
7
14
18
20
19
14
9
11
14
8
12
13
11
21
21
24
18
16
15
24
16
18
32
29
27
31
39
26
31
31
29
44
37
35
26
23
42
32
28
17
35
32
41
39
36
32
51
52
48
47
41
38
35
43
40
45
37
62
56
62
50
56
68
63
59
55
48
65
64
64
73
68
66
68
72
78
73
78
76
76
50
49
55
51
47
27
66
65
64
62
68
66
72
65
64
60
62
56
9
8
13
17
8
6
7
4
4
2
5
4
8
8
7
14
6
5
9
13
9
16
19
18
18
15
17
10
13
10
10
10
8
16
19
21
14
13
14
27
17
17
27
25
23
25
39
23
28
30
26
35
34
34
29
24
41
31
27
16
32
30
48
35
33
28
46
45
42
44
39
37
34
50
41
46
39
60
57
58
48
51
54
60
56
52
47
64
60
63
69
70
73
70
78
79
74
78
76
77
49
49
53
52
47
24
69
68
65
63
68
67
69
70
63
56
60
57
10
11
14
16
9
7
7
5
4
4
4
4
6
5
4
11
6
6
11
14
12
20
22
18
19
17
11
10
13
10
9
11
6
17
18
20
13
14
13
31
19
18
26
25
22
25
36
28
29
30
27
40
38
37
31
27
43
34
30
14
31
29
43
35
32
28
47
45
42
45
40
38
33
39
46
45
41
60
54
58
49
52
55
57
96
93
52
72
59
68
71
67
67
76
74
79
82
80
79
80
50
57
58
56
51
25
65
67
64
63
67
68
69
66
64
56
62
62
11
10
15
18
9
7
18
6
4
4
2
4
6
7
6
10
7
5
13
11
10
18
25
21
21
17
11
9
11
10
8
8
5
15
17
18
12
15
15
34
21
16
26
27
21
23
33
18
23
28
24
38
35
38
32
31
44
51
31
14
29
28
35
33
30
27
44
42
40
47
38
37
33
39
40
44
43
60
54
62
50
54
58
62
53
55
50
64
63
63
73
73
67
70
73
79
74
75
77
77
50
58
60
54
54
37
110
68
66
64
73
67
72
63
62
54
60
59
9
15
15
17
9
8
10
5
4
2
4
4
6
6
5
10
7
4
12
13
11
18
22
20
20
19
13
10
11
11
8
6
7
15
17
20
12
13
12
32
21
16
26
24
21
21
32
19
26
29
24
38
35
38
34
28
47
36
31
18
30
31
38
32
29
27
46
49
44
43
39
37
33
39
41
44
45
60
54
61
55
55
60
51
53
54
53
64
62
62
69
70
67
69
76
79
74
74
76
76
50
54
57
53
47
21
66
68
65
62
70
66
69
64
64
56
62
61
15
17
22
24
13
11
14
8
6
5
5
2
4
4
4
6
9
10
16
16
14
25
31
28
28
24
15
13
16
13
5
6
4
9
12
13
8
39
11
40
28
13
16
19
14
17
26
19
19
27
23
37
35
44
40
38
51
41
38
11
23
24
31
28
25
20
41
38
36
39
39
37
33
42
43
45
43
59
55
56
58
49
52
48
53
53
54
62
58
61
67
66
65
70
72
75
75
75
77
76
50
54
56
54
47
21
66
69
66
64
68
67
70
64
64
56
62
62
22
23
27
30
18
15
19
9
7
7
6
6
4
2
4
4
9
10
22
24
19
29
37
34
37
28
14
12
16
14
5
8
5
6
12
11
6
10
10
41
34
17
16
15
12
13
27
23
20
34
26
44
41
49
51
43
58
51
49
14
25
25
32
31
28
21
47
43
38
39
36
44
39
42
47
51
47
58
52
56
52
48
55
48
52
57
62
68
59
60
74
69
67
73
75
78
74
78
79
78
53
55
55
53
46
21
65
69
65
66
77
69
71
70
71
61
65
63
18
19
22
26
14
12
15
8
5
5
5
5
4
4
4
3
9
9
21
20
18
27
33
30
33
28
16
14
19
15
4
6
6
10
16
13
9
13
9
40
33
16
16
20
13
15
27
23
22
36
26
42
40
48
42
39
50
43
40
13
22
22
28
26
22
18
41
39
38
42
35
40
35
39
44
44
42
54
47
52
48
44
48
45
52
58
58
66
59
61
73
71
69
72
75
78
74
73
74
77
53
55
55
53
46
22
65
66
65
62
66
66
68
63
61
56
61
62
27
29
34
39
24
27
32
18
15
12
11
10
8
3
6
3
10
14
29
31
22
33
42
41
36
25
16
13
15
19
6
4
5
5
10
6
8
8
8
43
32
14
11
9
8
12
17
19
12
30
20
40
38
51
43
39
55
51
46
13
18
16
28
34
21
13
41
35
32
35
29
40
35
37
42
48
45
54
45
52
47
43
47
44
53
60
65
68
59
60
77
71
69
78
76
80
76
79
78
81
54
58
57
53
46
20
68
68
72
63
70
70
71
67
64
67
66
67
10
12
18
22
7
15
16
5
7
7
9
8
20
16
19
14
4
15
10
14
6
17
27
26
26
15
5
6
9
3
12
12
6
23
22
25
15
16
12
30
19
15
34
31
28
28
44
23
27
29
25
39
36
36
29
25
42
36
36
12
33
30
48
40
38
34
54
51
48
49
44
39
38
46
48
44
41
69
59
63
53
61
64
56
55
54
52
67
62
65
80
72
70
73
81
81
83
80
80
80
55
54
57
57
49
23
68
71
70
76
75
73
73
67
66
61
63
62
18
20
19
26
19
16
22
7
5
5
5
4
10
14
11
15
12
4
18
17
9
21
33
29
27
14
5
4
5
19
10
7
6
19
12
15
5
6
5
34
22
9
36
35
35
31
42
16
24
23
22
38
35
42
35
29
50
43
42
6
30
28
39
35
30
30
51
50
46
47
40
36
31
41
41
46
44
65
61
62
51
55
56
54
55
57
56
71
65
66
74
71
73
73
76
82
76
78
79
80
54
56
62
55
49
17
68
68
67
67
70
79
76
70
67
59
68
65
4
4
5
6
4
10
15
9
12
14
16
15
27
30
28
28
12
18
4
4
5
5
12
9
10
4
7
10
14
6
25
22
18
33
24
27
17
14
13
16
7
17
50
47
44
42
50
19
37
25
28
27
24
22
17
14
33
26
20
17
36
34
45
44
40
38
58
56
54
53
44
33
30
38
35
40
32
64
66
64
52
63
63
61
52
49
47
64
63
65
80
96
74
75
81
80
77
79
80
83
51
50
59
53
47
26
67
71
67
63
69
71
75
70
66
58
66
55
4
2
5
7
4
13
14
9
13
15
17
16
25
28
25
30
12
17
4
4
5
5
11
7
9
5
7
10
23
7
32
24
20
35
21
25
17
16
14
16
6
17
52
48
46
41
49
17
31
22
26
27
23
22
16
12
33
25
21
15
36
34
44
46
39
38
55
60
57
57
43
33
31
38
33
38
31
65
65
64
55
65
60
57
51
48
44
64
62
66
71
81
76
75
77
81
76
82
78
79
50
47
61
51
51
25
69
68
67
65
76
87
82
67
67
55
59
60
3
6
7
12
6
12
17
10
14
15
18
15
29
28
28
26
8
14
5
5
4
9
17
10
12
6
4
7
9
13
21
20
17
28
17
20
14
12
13
19
11
13
47
44
43
38
46
19
26
28
22
33
30
31
20
15
36
30
25
11
33
31
42
42
40
33
55
55
55
50
42
41
35
42
37
43
35
66
61
64
54
58
61
58
54
51
49
65
69
63
92
70
70
72
75
78
77
76
77
79
52
51
61
64
50
19
68
67
67
63
70
69
71
67
66
56
60
57
7
6
9
8
15
18
24
16
30
22
25
23
39
38
37
34
14
20
5
4
4
2
12
12
8
4
12
11
20
13
33
29
24
34
23
28
18
19
14
13
5
14
55
52
50
43
51
16
31
21
26
23
20
19
13
10
30
22
17
14
35
32
48
46
42
41
60
60
58
52
49
33
28
39
31
38
28
66
67
71
51
64
63
58
56
50
44
67
64
66
73
72
72
73
76
79
77
78
82
83
48
47
58
51
49
22
69
69
68
65
72
72
76
69
69
55
63
57
8
8
5
5
6
17
21
16
19
21
25
23
36
38
35
39
18
27
9
8
7
9
4
4
4
6
13
16
19
13
32
32
29
39
29
33
25
23
20
11
6
21
60
58
56
50
57
19
33
23
31
18
16
15
15
9
23
7
9
18
49
38
59
54
47
45
60
68
62
53
51
33
29
36
24
30
21
69
68
66
53
66
63
59
44
33
26
67
67
67
72
72
71
76
77
82
77
79
78
78
40
42
60
43
49
28
72
67
66
62
75
68
74
68
69
52
48
46
6
6
7
6
5
16
19
15
18
19
22
20
33
34
32
35
17
22
7
4
7
8
4
4
8
8
11
13
16
13
32
34
26
40
27
35
24
20
18
11
8
21
57
54
52
47
61
21
35
24
34
19
25
16
15
10
27
9
5
17
42
41
51
62
50
47
62
65
60
54
50
37
31
39
30
32
27
68
67
66
58
65
61
58
47
46
29
61
57
65
71
77
70
72
73
78
76
82
77
77
46
43
59
44
48
30
69
66
65
60
76
65
73
83
68
50
48
46
11
11
6
8
10
25
24
22
27
31
39
28
43
43
41
39
21
25
12
10
12
6
5
6
4
5
13
16
18
15
35
35
28
39
30
32
23
21
18
9
6
19
60
58
57
48
58
18
34
21
30
17
15
14
13
8
22
10
5
15
42
38
53
50
47
50
60
64
63
54
48
33
27
35
23
30
17
66
67
69
54
67
63
59
46
38
28
60
58
67
72
72
73
74
75
80
80
92
84
90
41
41
62
44
46
26
70
71
71
62
75
139
141
94
157
62
65
60
12
7
7
13
13
25
30
59
37
29
33
33
49
44
45
42
15
20
8
8
13
5
13
16
8
5
7
13
15
18
35
36
28
40
25
32
20
15
13
10
10
15
61
106
64
53
60
17
35
25
29
26
22
17
16
8
30
21
17
11
37
36
51
46
45
41
62
64
57
52
47
33
27
36
33
42
29
70
67
66
52
64
61
59
54
46
44
71
66
67
75
75
76
77
78
84
78
80
81
83
45
45
60
52
47
21
70
71
71
66
72
71
76
70
70
57
61
57
9
10
13
15
10
20
26
13
18
17
22
22
32
28
35
25
5
9
7
8
5
10
26
22
16
6
4
4
4
10
21
18
14
25
13
19
8
12
8
25
11
8
46
44
44
37
44
16
24
29
21
37
35
34
27
19
43
39
34
8
35
28
40
39
34
33
55
52
48
48
40
38
33
40
41
46
44
65
60
65
52
59
60
58
55
55
54
66
61
67
72
72
71
74
77
81
77
79
80
79
53
53
56
60
51
16
70
70
69
67
71
72
77
69
71
61
66
65
12
16
17
23
14
29
32
19
20
15
14
12
30
28
30
20
7
5
11
9
6
14
32
28
25
9
4
4
4
12
29
17
11
22
7
11
5
4
4
32
16
6
46
43
41
35
43
10
22
24
18
39
37
41
32
28
50
43
38
5
29
27
37
35
32
32
57
51
50
54
40
37
32
50
43
47
47
65
61
64
53
56
59
56
62
57
58
68
66
66
73
75
77
74
77
80
78
78
86
83
54
57
60
56
51
10
69
67
67
65
70
72
73
69
68
62
66
65
14
13
15
22
14
32
34
20
21
18
15
14
37
37
35
22
7
5
14
12
10
15
32
31
29
10
5
5
4
14
20
16
10
18
10
12
5
5
5
33
16
6
45
41
39
34
42
10
21
26
18
38
40
50
37
28
50
43
39
3
29
26
37
34
32
30
51
50
46
47
40
36
31
40
43
44
42
66
62
64
54
56
60
58
57
58
60
68
65
67
84
75
73
76
77
81
80
84
81
81
53
57
62
58
50
10
70
69
82
71
73
70
74
68
73
59
66
65
3
5
6
10
4
9
15
7
10
8
13
12
22
19
21
18
4
19
5
5
4
11
17
14
16
11
6
9
13
4
12
9
8
22
22
26
18
17
14
26
16
18
35
36
29
28
42
25
33
31
27
36
34
32
27
23
41
29
25
14
35
30
42
43
37
33
53
50
50
48
42
39
36
51
48
47
40
65
60
63
53
54
58
63
54
52
48
66
63
65
71
75
69
71
75
78
76
82
88
77
54
52
60
57
48
29
71
68
67
65
69
68
73
71
68
58
65
63
23
26
31
33
19
25
29
16
11
9
7
8
7
5
6
4
7
9
27
24
17
29
40
36
35
25
15
12
16
12
6
4
3
7
11
11
7
8
8
41
31
12
14
12
11
16
23
19
16
29
24
40
37
46
44
42
54
47
43
11
21
22
30
27
22
17
41
41
35
39
35
39
37
43
42
49
42
53
48
54
52
46
53
47
57
58
63
67
67
66
72
71
72
75
77
85
78
78
80
80
54
57
59
55
48
20
70
68
68
66
77
75
72
66
66
61
65
68
29
25
29
33
18
23
29
14
10
8
10
9
8
6
7
5
10
8
24
25
17
28
41
38
38
23
14
12
15
11
3
5
5
10
14
14
7
7
6
42
30
13
22
19
17
17
29
17
18
28
22
38
34
45
40
35
52
45
43
9
23
24
31
28
25
18
42
39
34
37
34
36
32
40
40
44
43
55
52
54
49
46
52
50
56
56
62
66
63
65
71
70
69
71
74
78
76
76
77
79
53
54
58
53
48
19
66
66
66
64
69
67
70
65
65
59
64
63
20
22
25
29
16
21
26
14
11
9
9
8
7
8
5
7
6
8
22
25
14
27
36
35
33
23
10
10
13
11
4
4
3
8
10
12
3
6
7
38
28
13
23
19
17
16
31
16
16
27
22
37
40
44
39
35
51
45
42
9
26
27
33
30
28
25
48
44
41
41
36
36
33
40
40
45
43
66
53
57
50
50
55
49
54
59
67
65
61
64
70
69
69
77
74
78
78
76
76
79
58
55
56
53
45
17
72
67
77
79
71
69
72
66
69
67
65
64
36
38
39
43
32
37
41
27
33
21
20
19
13
8
10
4
15
19
36
34
27
35
49
47
42
30
18
21
18
23
6
6
6
6
6
3
7
9
11
46
37
17
14
11
10
6
18
20
6
24
14
39
36
57
51
45
60
57
53
15
11
11
17
14
11
7
35
30
28
30
22
35
32
34
43
49
46
56
47
52
47
48
47
43
52
60
68
70
61
69
74
73
73
75
78
93
91
80
82
80
54
59
58
54
45
19
70
69
69
63
73
81
79
68
66
61
69
73
31
33
34
39
33
44
48
35
37
35
32
29
33
23
27
11
20
14
30
28
18
28
47
45
38
21
9
5
8
31
17
11
8
3
4
4
4
4
4
53
30
6
28
25
29
13
25
11
5
25
13
43
41
52
50
59
73
54
50
5
10
10
19
14
10
8
43
39
35
33
23
41
36
39
45
51
49
58
51
55
50
48
51
47
56
62
70
70
62
66
77
75
73
76
80
83
79
81
83
83
58
60
59
62
49
11
72
71
71
66
75
72
76
73
68
64
70
74
35
37
39
44
36
49
53
42
38
35
42
38
33
19
23
10
31
26
41
43
31
44
61
61
50
32
19
14
18
44
17
18
16
5
5
3
7
6
8
53
39
15
24
20
23
11
22
20
4
24
11
44
37
60
59
54
71
69
66
10
7
6
15
12
8
6
33
29
24
25
17
31
27
28
38
48
44
57
47
52
49
46
49
42
56
62
70
72
63
63
75
73
73
78
79
83
80
81
87
175
96
70
94
63
48
12
72
71
88
66
93
79
83
100
74
66
70
71
24
27
27
33
26
38
43
31
25
22
19
18
17
14
16
8
14
10
25
24
13
22
40
37
30
16
7
5
6
25
7
6
5
7
3
6
4
4
4
41
24
5
36
32
32
27
38
9
12
20
15
37
34
53
44
35
55
49
45
4
20
24
33
28
23
23
49
45
42
45
38
36
32
40
39
46
46
63
55
59
50
53
59
54
56
105
65
72
63
72
79
79
69
71
75
81
85
78
80
81
54
57
140
60
51
9
71
70
68
73
71
71
73
75
65
57
73
72
23
25
27
31
24
39
44
31
30
27
25
22
20
29
20
9
14
7
23
21
11
56
42
39
32
16
6
4
3
23
9
7
6
9
4
6
4
4
2
41
34
5
43
40
35
27
37
7
10
18
10
36
34
48
42
34
61
51
49
4
19
19
31
29
22
17
49
47
44
47
40
39
30
40
41
47
44
64
56
60
58
56
52
53
54
57
63
67
62
74
74
78
72
93
84
86
80
82
83
83
54
59
60
58
50
7
70
70
70
78
73
108
79
75
72
66
69
69
21
23
26
31
23
38
44
31
29
25
25
22
26
20
25
13
10
7
22
20
12
23
41
39
34
14
5
4
3
24
12
9
7
15
7
9
4
4
2
44
22
5
45
42
39
31
41
6
14
19
9
38
32
50
72
38
56
53
46
4
25
20
36
33
26
25
52
110
50
47
40
34
27
38
46
51
44
94
61
65
51
64
68
62
57
65
68
71
67
87
77
77
73
117
108
85
82
84
87
87
54
60
60
58
52
7
72
74
73
70
75
77
77
71
71
61
67
69
24
20
18
17
26
42
49
40
45
48
54
53
68
71
69
63
33
40
17
16
19
13
14
15
8
9
21
27
32
34
58
56
47
50
46
38
34
32
30
3
6
24
83
78
73
67
68
18
30
8
18
4
5
4
6
6
11
13
8
29
35
28
56
86
47
60
57
68
68
52
41
20
14
24
10
16
6
72
70
69
47
71
63
57
32
27
25
58
51
70
77
78
75
78
80
89
87
92
86
87
27
27
61
35
38
27
77
69
70
57
79
76
82
76
72
40
46
43
12
9
8
13
13
26
31
22
30
30
35
33
47
44
47
39
20
24
8
7
8
4
11
13
6
5
10
16
20
21
40
34
31
73
29
33
21
19
16
8
5
18
64
61
59
53
59
15
33
15
25
17
14
13
7
5
22
20
16
14
42
33
71
59
52
48
58
64
66
52
49
27
21
29
23
32
19
67
71
66
50
65
77
57
48
45
43
66
63
69
80
74
72
76
77
82
90
86
78
80
42
43
60
47
68
25
70
70
72
66
72
71
75
105
69
53
61
58
24
32
33
42
28
46
54
63
77
39
36
35
39
31
39
21
16
13
24
23
14
19
48
46
30
15
7
5
7
25
17
15
13
17
7
12
5
4
4
34
20
4
58
50
46
40
45
4
5
7
5
23
18
45
45
35
56
54
50
4
13
9
37
38
22
31
52
52
48
47
26
20
32
37
31
43
38
78
64
68
52
62
62
58
56
58
67
74
65
69
78
75
74
79
80
85
81
82
83
85
53
57
59
56
48
3
73
72
73
72
76
74
79
72
72
65
73
72
45
52
50
55
39
41
48
30
26
22
22
19
15
10
12
7
19
24
43
47
33
45
61
57
52
40
28
23
26
29
10
9
11
11
13
9
15
16
17
50
47
24
4
2
4
5
5
30
13
28
21
44
42
59
61
56
70
69
66
22
8
13
8
8
6
5
12
8
7
13
11
24
30
26
49
50
55
32
21
28
38
18
22
25
49
67
73
67
51
45
70
66
63
73
77
81
78
79
80
81
52
60
46
55
39
28
63
69
63
58
73
68
76
53
49
64
70
79
39
40
47
52
35
38
45
29
24
21
21
19
14
8
13
8
20
23
41
46
33
44
59
56
51
39
28
22
27
26
6
8
10
6
12
8
14
16
17
50
44
26
3
4
4
4
5
29
13
28
20
44
40
58
61
54
71
68
64
20
9
13
9
7
5
5
17
10
9
15
11
24
29
24
48
48
52
35
25
33
38
21
27
26
48
69
73
68
54
50
75
72
77
75
79
82
80
82
83
83
53
60
49
49
36
26
62
66
65
60
70
69
76
60
54
62
70
73
40
39
44
48
36
36
42
27
24
18
17
21
15
9
11
6
18
22
41
41
31
41
56
55
51
36
25
22
24
24
7
8
9
11
13
9
13
13
14
49
44
23
4
4
4
5
5
28
15
30
23
46
44
58
57
51
70
65
61
18
12
14
14
9
7
3
16
13
11
16
12
27
34
32
54
52
54
38
27
39
47
25
30
28
48
66
72
67
55
52
73
69
67
75
79
82
80
79
81
82
55
59
50
52
41
28
68
68
66
60
70
71
79
59
57
64
70
72
44
47
58
64
44
50
54
38
34
31
28
28
22
15
22
10
23
26
45
43
35
47
64
59
53
38
25
21
26
29
13
16
14
8
14
8
15
15
21
49
44
20
6
7
5
4
9
28
11
26
17
41
38
60
64
56
67
69
65
19
9
12
10
8
5
5
23
17
14
14
10
21
26
21
46
47
55
42
31
36
36
24
30
24
48
68
77
73
54
58
77
82
81
78
81
85
82
85
83
84
57
60
50
55
33
22
67
67
67
60
73
70
77
63
60
63
72
73
54
60
56
63
55
63
69
50
44
45
40
36
31
21
30
15
39
40
54
55
41
53
75
71
62
47
34
29
32
48
18
21
29
13
19
11
21
19
21
52
59
23
6
5
7
7
4
29
11
25
18
42
35
60
89
57
71
76
73
25
9
11
6
5
5
5
6
6
4
11
7
17
22
17
40
42
62
22
13
20
31
11
16
17
42
68
77
68
50
37
76
70
65
80
87
87
83
85
85
88
48
58
38
43
28
22
54
66
62
54
68
69
78
46
42
64
72
81
30
26
24
33
33
55
60
45
48
45
47
42
46
39
45
28
23
19
23
20
18
13
37
44
23
10
11
9
11
37
26
26
17
29
12
18
6
6
5
19
13
4
65
63
58
53
56
4
11
5
6
10
8
34
39
25
51
54
50
4
18
14
45
41
33
42
59
63
58
48
38
11
8
15
26
27
21
83
70
70
50
67
61
57
56
58
72
75
68
72
80
78
79
81
83
88
85
93
88
88
46
55
59
54
35
5
76
76
75
73
78
78
88
73
71
60
70
70
42
54
61
103
100
71
68
57
53
52
47
45
41
25
29
15
36
32
42
40
31
36
58
61
51
33
20
17
22
48
20
23
21
11
4
5
10
11
10
34
38
7
31
26
31
16
18
10
4
12
5
27
22
47
54
44
62
64
59
10
3
4
10
11
6
10
33
28
22
22
11
22
21
21
33
45
39
62
52
60
42
46
50
41
52
64
70
78
63
72
75
75
79
84
81
85
81
83
115
90
56
64
57
52
35
8
75
79
71
68
76
75
79
71
68
64
72
71
48
42
41
71
52
78
80
69
72
73
73
63
68
61
66
49
41
37
40
44
47
27
45
52
30
20
25
21
26
60
48
49
35
34
26
23
20
16
13
8
13
8
73
70
75
53
53
5
12
4
4
6
5
17
23
15
34
41
37
14
26
12
36
30
28
41
66
54
61
29
19
6
5
5
7
12
10
67
65
64
32
60
51
41
35
43
66
75
62
72
78
80
82
82
84
94
85
89
88
91
26
41
48
38
24
8
76
75
74
71
79
84
82
75
72
48
71
73
43
46
47
59
45
64
69
68
62
56
54
51
56
44
51
30
33
26
46
42
27
35
65
67
49
27
17
13
17
45
38
36
25
15
12
7
10
12
10
20
29
6
55
47
52
30
34
8
6
7
5
18
11
40
47
35
62
63
56
6
6
5
21
17
14
21
40
46
44
28
15
13
8
11
15
28
22
69
63
67
33
57
62
55
50
67
72
75
65
72
82
86
77
82
84
89
84
85
88
89
46
65
62
51
29
4
76
76
76
71
79
77
79
75
73
65
76
74
46
46
37
38
54
72
78
68
79
203
105
78
75
73
76
61
55
54
41
39
40
27
28
33
16
19
42
39
44
57
60
57
55
51
45
38
35
31
27
5
13
16
84
79
80
64
67
11
24
6
11
2
9
6
11
8
13
22
18
23
32
22
53
56
50
57
64
65
72
47
39
13
9
20
4
5
4
67
74
67
47
68
63
54
17
15
31
50
41
69
80
82
82
89
82
90
85
86
92
88
12
14
52
16
35
17
78
65
59
45
79
71
83
76
78
26
39
31
35
33
28
28
39
63
71
59
67
73
70
69
73
65
70
55
50
45
29
27
31
23
21
28
11
14
32
30
35
52
56
51
45
43
36
30
27
24
19
2
10
12
73
71
79
57
60
8
18
4
8
10
4
6
11
4
16
17
13
17
23
16
44
40
36
49
48
59
64
38
29
9
6
11
7
15
11
69
68
68
38
62
55
47
38
41
38
71
64
76
79
78
79
80
83
88
89
86
89
88
31
44
52
39
27
15
76
76
75
71
79
77
79
76
77
50
68
68
31
27
22
20
31
49
55
46
52
58
67
58
77
72
74
65
39
46
25
22
27
20
20
20
10
12
28
32
39
39
64
59
54
58
52
46
44
40
37
4
9
30
76
74
81
66
77
24
41
12
23
6
6
4
7
5
2
15
12
34
42
36
63
56
52
66
65
70
72
53
50
27
17
29
8
7
4
60
67
59
43
64
64
54
20
16
14
44
36
64
77
86
128
139
95
105
100
105
100
106
15
19
57
26
40
35
86
66
62
48
89
74
90
73
70
28
40
29
17
14
14
16
19
32
79
47
43
45
49
44
63
55
58
54
26
32
12
38
42
11
16
24
8
8
19
40
29
31
82
69
39
54
38
42
28
33
26
4
4
24
76
71
68
62
67
27
34
11
26
8
7
6
5
5
14
19
11
18
41
39
90
106
55
67
72
70
68
53
46
26
21
28
14
20
9
68
69
71
55
68
73
69
45
36
36
65
58
71
80
77
79
82
79
84
82
82
83
89
34
31
62
38
42
29
73
68
66
57
75
72
76
71
72
45
52
49
17
15
13
15
20
32
43
33
38
38
42
40
60
51
54
46
23
29
11
10
11
7
11
16
6
5
12
19
22
25
43
41
38
50
34
40
27
29
23
4
2
22
69
68
66
60
65
24
36
13
23
8
6
5
2
4
13
16
12
20
40
34
57
54
51
58
59
63
66
50
46
25
20
28
14
23
9
71
70
68
52
65
62
58
39
32
31
60
56
69
73
74
77
78
77
82
80
81
86
85
32
31
62
38
42
29
72
68
68
58
73
70
75
71
71
45
50
46
31
29
24
20
31
49
55
45
51
58
62
57
73
69
74
64
38
46
30
23
26
25
16
18
11
14
26
32
38
40
63
58
54
56
47
45
42
39
36
4
14
30
75
73
76
67
69
23
39
14
23
10
11
4
7
6
6
8
6
32
41
36
61
57
51
62
61
69
71
52
46
26
19
28
10
16
5
63
67
59
42
64
56
48
21
8
3
40
36
62
74
76
75
82
80
86
83
83
87
84
16
13
47
21
32
32
73
56
51
38
76
64
79
70
66
23
18
15
14
16
9
9
16
40
34
28
32
34
39
36
51
54
52
48
26
34
16
14
14
12
7
7
6
10
18
24
26
23
46
42
40
50
35
43
31
28
26
6
9
28
78
70
65
61
63
28
40
15
25
15
10
9
11
10
5
4
2
24
41
36
59
55
52
58
59
63
65
54
46
28
22
30
17
23
11
67
66
67
52
67
62
61
40
12
7
52
53
78
72
73
72
76
79
80
77
79
82
81
38
20
64
44
46
33
72
64
62
44
74
68
75
71
70
30
25
20
14
14
9
8
16
29
35
26
30
32
35
33
50
48
48
47
25
33
15
14
15
12
6
12
9
7
17
22
26
21
46
42
38
50
33
41
32
27
24
6
9
28
75
66
69
59
63
23
39
17
27
12
12
9
10
10
11
4
4
21
42
36
59
55
52
55
57
62
65
52
49
28
25
34
18
24
14
68
66
78
51
63
59
57
39
19
9
53
54
77
72
73
72
75
74
82
79
80
78
81
33
26
58
39
45
32
71
67
65
52
72
70
82
69
67
39
33
29
20
23
24
32
22
42
53
33
33
28
27
25
32
25
33
16
12
9
24
20
10
17
40
44
28
11
5
10
4
23
15
11
9
16
6
9
4
4
2
38
19
4
47
45
41
35
44
5
11
13
9
34
32
47
39
30
55
49
45
4
21
15
40
40
30
27
65
52
49
49
36
31
22
36
37
47
49
66
63
65
52
59
64
59
56
58
67
69
65
69
78
76
74
77
87
83
80
100
84
84
57
58
61
58
54
6
75
73
72
69
75
75
77
71
70
61
68
67
51
51
54
61
51
74
70
61
60
55
54
52
45
31
32
21
41
35
50
52
40
54
67
64
55
36
28
24
28
55
41
26
27
13
15
7
16
17
16
35
42
12
22
19
18
9
13
18
4
14
8
29
25
48
58
48
62
70
60
14
4
7
6
5
4
7
22
15
13
13
8
18
21
14
34
41
37
50
35
43
30
29
32
29
41
66
75
73
59
63
77
77
78
78
82
87
83
84
86
85
50
62
51
42
27
12
73
75
72
62
74
72
77
71
71
72
70
72
49
51
52
61
57
65
69
58
60
57
58
57
54
33
40
21
39
33
50
48
34
49
67
65
56
35
24
21
26
58
29
33
31
13
14
7
18
16
16
30
48
8
28
24
28
15
15
17
8
10
6
24
21
48
57
44
65
65
62
13
2
4
9
8
5
10
25
22
19
17
6
12
16
11
28
39
34
61
43
52
27
35
44
38
45
65
73
82
59
63
78
77
77
83
82
87
84
84
86
87
48
60
55
41
24
9
74
71
74
66
77
75
79
76
66
67
73
75
55
57
60
67
59
71
76
66
62
56
55
52
48
34
37
26
46
39
54
55
46
55
76
77
66
48
34
29
33
59
32
32
31
17
15
9
24
19
22
47
54
22
17
17
19
9
7
27
8
26
22
39
36
62
71
57
74
75
74
26
7
9
4
2
3
6
8
6
5
8
7
19
18
12
36
39
48
26
16
20
25
12
15
12
38
67
77
61
35
44
78
77
70
80
84
87
84
84
87
87
43
53
31
36
24
22
60
58
52
44
76
61
77
49
46
59
71
76
54
54
58
67
57
70
74
64
58
53
52
49
53
33
36
24
44
38
55
52
42
52
73
70
64
46
33
27
31
56
26
28
29
15
14
10
21
19
21
45
51
21
15
13
14
6
6
27
10
22
16
37
34
57
66
54
72
74
76
23
5
8
4
4
4
6
11
8
5
7
5
13
17
13
33
34
46
30
21
24
23
14
20
20
42
67
83
78
45
50
81
80
134
89
94
90
87
88
93
89
42
57
44
38
23
20
73
66
62
56
79
70
85
59
51
62
72
76
108
81
61
66
56
68
70
63
61
55
53
46
41
29
36
21
41
41
121
90
40
57
73
66
59
42
30
24
27
52
28
27
28
16
13
9
19
18
19
41
50
18
14
13
13
6
6
24
7
22
14
34
31
56
61
53
68
71
71
25
6
7
5
2
4
5
15
11
8
9
6
16
20
15
35
38
46
36
25
33
31
21
26
19
41
70
77
71
47
55
79
79
72
82
85
87
81
83
84
86
48
59
45
47
28
19
69
69
64
58
75
71
79
65
60
66
72
75
42
47
50
53
44
57
61
45
38
36
35
33
30
20
21
13
29
28
42
40
31
39
58
60
51
36
23
18
22
37
17
18
20
8
8
4
13
13
14
48
42
20
7
6
6
4
10
23
8
27
17
41
36
57
60
54
67
67
64
17
7
8
6
5
4
4
17
15
31
14
8
18
24
20
45
46
52
40
27
33
34
23
28
23
49
67
72
66
51
57
76
75
71
77
80
83
81
86
83
83
53
59
46
47
33
21
71
74
66
59
73
69
76
63
60
62
68
71
73
74
78
81
77
84
86
80
78
73
72
69
68
55
56
42
69
63
75
76
65
67
80
84
68
58
52
47
52
77
47
50
50
32
29
23
39
36
40
46
53
39
19
19
22
20
8
35
21
24
25
39
34
57
64
54
71
79
72
41
14
17
7
8
9
15
4
4
3
3
7
12
18
11
34
35
48
8
5
5
16
4
6
6
25
62
78
45
23
17
56
45
37
66
83
93
86
91
88
91
45
57
19
72
21
39
34
53
39
64
50
47
69
30
20
43
56
90
160
79
76
80
72
107
93
77
70
66
64
120
56
48
46
30
57
52
68
86
55
78
80
83
72
94
47
38
43
71
36
38
41
25
22
17
30
28
30
59
65
29
10
14
15
13
6
38
15
27
25
43
38
63
79
62
76
78
78
35
12
13
6
6
7
14
4
2
4
5
6
21
20
15
37
47
61
9
7
10
17
5
7
7
25
65
81
147
29
20
68
49
44
71
83
153
97
88
87
150
47
62
21
26
16
30
33
44
40
32
47
68
74
27
24
46
61
79
63
119
74
72
65
75
80
71
62
58
58
55
47
35
38
27
51
124
61
65
49
60
77
76
73
54
40
32
36
63
30
32
35
20
19
22
25
28
25
59
68
26
11
10
13
11
5
31
13
27
20
44
62
74
73
61
76
78
129
31
10
22
7
11
9
9
3
2
4
6
7
17
23
17
42
42
55
13
6
10
19
6
9
10
31
70
83
50
28
24
65
54
44
90
89
89
84
86
88
87
53
56
22
29
17
25
35
45
41
34
96
54
83
32
28
50
63
79
114
82
74
79
73
118
92
79
76
72
71
76
65
57
61
39
61
57
66
65
60
64
75
77
64
56
49
69
57
82
47
50
47
29
26
20
34
33
38
42
88
39
28
27
27
42
15
33
19
21
21
35
35
53
61
51
130
73
68
41
19
14
5
6
7
10
4
5
6
4
5
10
14
28
30
30
44
16
8
11
15
6
8
6
24
64
80
43
24
29
75
64
55
80
84
106
90
85
88
130
44
47
20
25
14
27
43
42
38
29
59
47
83
39
33
45
66
71
60
62
64
70
95
83
77
69
71
83
70
66
60
45
48
34
50
53
60
59
46
56
72
76
69
60
45
34
38
63
39
41
42
24
21
15
29
27
26
50
46
20
21
20
21
12
10
26
11
16
14
29
26
48
57
46
75
84
66
25
8
5
5
4
5
9
10
9
11
6
2
8
11
7
27
28
40
37
20
26
19
16
20
16
26
58
71
68
39
47
85
79
76
80
81
87
98
138
90
89
41
41
62
36
17
19
69
64
60
50
77
80
80
58
54
47
62
71
61
58
61
61
63
76
78
73
78
73
71
70
74
68
73
90
58
51
51
50
51
42
58
66
44
32
40
34
45
71
58
56
51
51
107
31
37
27
23
18
22
15
52
51
51
39
27
8
17
4
43
11
8
29
38
26
49
53
48
21
13
10
10
8
21
23
16
21
27
9
6
4
4
3
7
14
18
52
34
44
18
25
34
25
31
68
80
75
45
53
78
77
83
80
83
86
83
91
126
89
30
40
36
28
13
13
76
78
132
61
82
78
81
75
67
50
66
75
61
54
52
69
63
80
81
77
77
78
121
77
80
72
77
67
55
51
48
48
48
38
57
64
41
44
38
31
36
70
60
57
80
47
55
30
27
48
20
13
19
11
72
70
72
101
49
7
18
4
8
8
5
24
35
22
47
52
47
17
21
55
30
19
51
92
61
46
51
18
11
5
4
5
5
12
15
59
51
48
17
42
35
27
23
54
83
76
52
55
84
82
80
84
90
93
88
93
90
91
30
38
34
24
10
11
78
74
76
68
98
91
94
78
65
48
67
76
72
68
65
73
73
86
87
81
82
80
79
79
80
75
76
63
66
64
64
63
63
56
71
74
58
48
52
50
55
78
71
69
63
50
46
33
44
47
43
33
42
33
72
64
71
45
38
23
25
6
12
24
24
48
60
45
71
74
63
34
16
10
17
13
19
30
21
31
35
12
7
6
5
4
15
11
27
36
35
36
9
29
21
12
12
42
60
56
26
33
81
74
70
86
87
91
88
89
89
90
19
28
18
13
6
18
63
55
47
35
71
58
88
47
41
34
54
62
59
55
59
47
63
78
87
77
80
77
76
74
79
74
78
68
64
60
52
48
58
40
41
45
24
29
47
43
49
73
72
65
59
56
49
42
39
36
31
8
21
19
81
80
80
69
66
13
26
6
16
4
8
8
15
11
17
36
27
25
33
24
49
48
58
64
57
68
67
42
28
7
6
11
4
5
5
60
66
58
33
62
58
46
10
18
37
35
23
59
81
82
82
84
83
89
87
86
90
91
8
10
41
9
18
18
75
55
50
31
82
62
84
70
65
15
26
38
68
63
59
56
66
79
82
138
123
82
79
78
85
82
79
72
72
70
64
58
62
49
50
56
37
39
56
52
58
72
69
65
63
68
61
58
49
50
42
13
32
29
81
78
86
67
69
24
38
9
22
6
15
8
28
20
17
43
37
36
43
33
43
38
45
58
48
60
62
39
30
16
12
9
3
4
8
43
51
40
20
45
34
29
6
11
22
21
14
41
88
75
69
85
85
94
100
88
90
89
6
7
26
7
13
30
65
38
32
19
71
44
81
54
48
8
16
26
48
45
52
38
51
84
76
69
73
79
75
75
75
75
76
78
58
61
41
40
41
33
32
36
19
24
48
46
49
59
65
63
56
55
51
47
44
40
37
6
16
4757
95
76
77
67
69
16
32
8
17
3
12
4
16
9
7
26
22
34
39
41
60
56
48
60
61
75
73
52
42
16
12
18
3
3
2
51
64
54
34
57
52
45
12
7
15
36
27
54
74
81
76
82
80
90
82
88
93
88
6
7
41
11
22
21
70
50
49
31
77
58
82
68
60
15
23
17
85
80
77
79
80
84
86
86
84
82
89
81
83
70
72
62
80
79
81
88
81
71
83
87
103
90
75
71
74
83
66
67
70
53
51
45
57
56
59
53
58
51
39
41
45
39
21
46
42
82
44
44
47
50
67
62
65
78
80
57
35
36
17
19
23
33
6
9
10
9
18
30
23
15
35
25
39
3
3
4
9
7
5
6
11
48
59
23
10
3
21
15
12
31
47
78
52
58
74
84
27
39
6
11
8
47
9
21
19
14
14
17
25
6
4
24
35
60
80
80
80
83
80
84
85
82
81
82
78
75
69
58
61
48
72
66
76
75
68
70
81
85
75
64
60
54
58
79
56
56
57
41
37
30
47
45
47
53
60
45
25
27
29
26
14
46
32
35
34
50
50
64
72
60
66
78
75
51
22
23
14
14
17
21
3
4
5
4
11
17
23
15
39
28
43
3
2
3
8
4
2
3
13
52
66
31
14
7
34
25
20
43
58
83
65
72
86
86
33
44
11
15
8
39
15
28
27
19
24
30
39
11
9
32
43
80
84
81
78
81
83
87
87
85
85
87
85
90
79
69
71
59
89
85
85
79
78
70
82
81
72
64
70
62
68
83
64
66
69
51
48
41
58
55
57
54
57
51
38
43
43
36
20
46
39
31
41
43
43
48
71
60
61
81
75
57
29
31
16
17
21
29
8
10
11
9
17
27
22
15
36
26
39
5
5
4
10
6
2
5
13
52
62
25
11
7
31
22
17
40
56
85
58
65
80
84
27
42
8
13
10
46
12
23
20
15
20
25
34
8
8
26
37
61
78
74
73
78
81
92
95
96
91
90
89
90
93
75
77
62
69
65
69
67
64
61
78
108
102
71
88
155
89
98
129
98
71
55
49
47
79
53
51
45
65
72
89
74
68
51
48
43
38
29
27
42
39
52
68
61
64
84
73
49
32
25
33
30
32
45
19
27
31
16
29
31
16
8
36
24
66
19
13
14
5
12
9
7
5
48
62
26
8
11
48
40
35
59
77
120
100
86
86
85
21
33
5
5
3
28
26
23
20
13
39
29
110
19
15
26
37
77
77
77
76
81
76
84
83
80
77
73
120
77
68
55
57
45
67
62
79
71
65
67
78
80
69
108
57
50
55
77
49
52
55
39
33
26
45
66
45
49
55
41
22
23
37
21
10
39
25
27
28
43
39
49
65
56
79
159
72
46
19
19
8
9
11
17
3
3
4
5
14
14
19
17
44
31
43
14
4
3
7
2
3
3
14
51
66
32
14
11
45
36
51
55
69
84
75
81
118
90
31
44
10
14
6
34
22
27
24
18
35
34
48
23
15
31
43
66
80
75
74
83
78
83
85
82
82
84
140
81
77
65
67
55
73
69
70
71
73
66
94
79
67
59
64
57
61
84
58
61
60
50
39
34
48
47
49
54
59
45
31
36
37
30
16
39
32
26
35
41
43
47
62
54
59
73
69
51
24
33
12
13
16
22
5
7
7
5
12
20
18
11
35
23
38
5
3
2
6
3
2
2
10
47
59
26
13
8
40
30
23
47
61
83
68
142
155
87
27
39
8
11
5
41
17
23
79
17
31
30
42
13
10
27
39
62
80
102
77
81
76
87
86
101
80
79
77
77
90
69
65
52
72
87
70
69
72
63
74
76
64
56
61
62
155
102
68
71
69
54
47
40
57
56
60
57
62
53
49
46
55
34
26
44
36
30
41
48
43
56
70
62
67
84
79
57
27
32
13
14
19
26
8
13
12
5
14
24
20
12
38
27
43
10
4
4
5
3
3
2
10
54
69
29
11
15
55
46
44
67
81
101
90
97
101
100
30
43
9
13
5
46
30
27
23
17
55
32
59
22
19
30
42
68
82
78
73
71
82
94
111
96
99
97
97
94
99
92
93
83
84
83
78
75
77
68
72
71
57
59
72
72
79
95
88
87
90
70
67
62
68
67
64
36
56
54
82
77
78
65
59
43
47
38
39
19
41
26
54
43
39
66
60
62
43
39
43
35
40
48
29
34
38
25
26
26
19
9
8
4
11
17
22
17
6
21
14
10
2
21
32
17
4
18
36
47
41
64
59
85
82
85
85
86
6
12
8
2
3
39
32
16
13
8
45
20
57
27
25
11
21
34
54
48
40
37
53
70
73
67
69
72
73
72
80
71
74
66
58
61
47
45
45
35
28
31
24
30
50
51
55
62
69
65
60
59
56
50
47
44
41
13
23
38
73
70
73
63
59
24
38
15
25
10
18
8
20
16
7
9
12
37
43
36
46
42
47
58
51
59
60
40
32
26
19
15
8
5
4
42
49
45
25
49
42
33
11
2
3
11
13
45
54
72
68
76
77
82
78
81
80
82
9
3
30
14
20
31
54
27
23
10
61
32
87
58
50
4
6
3
29
30
22
20
30
48
56
48
53
57
61
63
72
73
71
70
46
55
31
31
31
24
15
16
13
20
34
41
47
42
68
68
66
68
59
61
57
51
46
9
19
39
77
74
75
68
65
30
45
20
33
11
14
6
22
13
4
5
5
42
51
45
52
49
53
64
56
66
65
47
38
33
24
20
13
8
7
53
56
48
33
52
45
40
15
3
2
15
17
51
60
74
71
80
76
82
81
82
91
82
12
4
38
15
23
38
59
34
29
14
64
41
76
60
57
6
5
5
73
70
64
64
71
81
82
80
82
83
81
79
81
78
81
75
74
70
65
63
66
57
58
64
49
52
63
65
70
79
77
80
72
70
64
59
57
56
55
32
46
46
66
67
69
57
50
41
49
29
39
22
34
25
43
39
33
39
44
51
48
42
35
38
43
50
27
33
35
25
36
33
29
24
15
10
17
18
23
18
13
21
17
13
7
9
17
2
3
18
23
41
36
50
42
83
61
81
82
83
6
16
11
7
11
45
27
9
6
3
27
12
52
25
25
3
5
19
77
74
69
73
76
84
84
82
82
84
80
80
82
78
79
75
73
72
71
70
71
65
71
69
56
60
66
63
66
79
78
75
72
63
59
54
62
63
56
39
59
54
60
67
65
55
51
44
47
35
42
27
47
35
56
50
50
60
60
55
42
37
36
42
44
51
31
61
41
29
40
34
33
21
25
20
30
20
26
19
14
23
37
16
8
30
44
9
4
21
25
45
40
55
44
92
114
95
99
99
19
33
11
7
11
54
25
8
7
5
28
11
57
26
24
10
17
42
93
89
84
87
93
89
89
92
97
99
96
98
96
94
95
85
89
88
90
85
87
82
91
94
82
75
81
76
83
100
89
92
85
82
73
64
70
71
67
62
69
97
104
59
57
52
35
45
52
35
43
53
53
49
64
59
56
77
83
57
45
40
37
36
39
47
16
19
25
19
35
32
25
17
33
25
37
4
8
6
9
12
7
10
13
48
57
25
13
4
14
9
6
18
32
60
38
53
62
81
28
39
7
14
10
46
4
16
14
18
8
10
15
3
3
26
35
66
75
75
76
70
83
81
80
85
82
77
77
77
78
78
77
71
71
70
68
68
69
66
68
68
59
62
67
65
74
84
78
76
71
63
62
59
64
69
59
49
60
55
55
58
60
55
44
48
50
41
46
37
47
40
62
51
48
59
60
57
48
44
40
45
45
51
30
33
34
32
41
40
36
31
32
29
35
14
21
18
23
28
22
23
16
33
41
19
8
7
2
21
19
6
4
24
9
29
39
45
29
34
20
16
21
48
4
4
5
12
3
6
22
10
8
20
27
42
76
75
72
76
76
81
81
82
80
79
82
80
81
79
78
70
73
72
71
70
75
69
86
79
69
63
66
64
68
283
92
78
84
172
66
57
63
72
67
113
68
65
63
61
142
80
52
65
75
51
54
54
54
57
75
67
69
84
83
64
55
50
43
46
49
56
32
32
33
32
45
45
38
32
47
38
48
11
22
14
25
26
19
24
28
59
67
38
28
4
27
5
5
7
13
34
16
12
28
57
36
49
15
28
22
56
11
30
28
30
17
21
5
6
6
47
45
64
86
83
84
87
89
93
95
94
89
90
88
88
89
84
93
76
80
80
79
79
81
86
83
86
74
69
73
72
73
87
81
83
79
73
66
62
68
67
65
61
65
59
59
61
61
58
44
52
54
46
51
50
52
54
71
66
65
82
80
62
52
47
41
43
47
55
27
29
32
31
41
40
34
27
44
35
46
9
16
12
20
27
15
20
24
55
64
34
22
4
24
3
3
4
10
30
13
16
30
54
38
45
14
24
20
53
9
26
25
26
15
21
4
3
3
35
44
66
82
79
80
81
84
91
88
88
90
85
85
88
87
82
86
74
80
82
76
75
77
71
81
84
73
66
70
68
72
86
78
79
75
69
69
62
69
65
63
59
66
58
60
60
66
59
45
53
56
43
49
54
53
57
71
64
64
78
75
65
80
53
38
42
42
47
27
27
29
27
35
37
30
24
35
31
39
18
21
19
23
24
21
23
25
43
55
39
21
14
14
11
8
4
6
15
7
11
15
23
35
41
22
25
22
48
10
17
18
23
13
20
13
15
16
31
39
62
85
81
80
84
90
94
92
94
92
90
80
81
84
76
86
74
73
75
76
75
76
66
66
69
60
64
68
69
69
75
73
72
70
62
62
57
63
60
59
46
57
53
54
58
58
54
43
47
49
40
45
36
46
40
58
51
51
59
62
60
48
47
43
45
45
50
34
33
35
33
42
39
36
31
31
30
39
23
26
24
27
28
23
24
22
34
41
23
17
16
6
12
11
5
2
13
5
16
20
20
30
34
23
21
24
48
13
12
13
19
10
28
14
18
18
23
31
44
78
77
71
70
78
85
79
79
81
79
75
80
78
73
78
66
72
71
73
79
70
66
68
70
59
58
62
59
62
73
67
69
68
59
56
55
57
56
53
54
54
54
105
52
53
52
41
45
49
40
42
42
44
45
61
58
52
63
65
54
43
39
34
35
39
45
26
29
33
30
40
39
32
30
36
29
38
20
22
23
25
23
20
22
22
34
44
25
17
15
9
11
8
6
6
4
4
8
12
4
29
39
22
23
21
45
12
16
16
20
16
15
14
16
15
25
29
46
72
71
69
71
75
78
78
77
77
77
74
79
75
75
73
70
69
71
110
70
69
64
67
70
69
63
67
62
66
75
73
152
94
70
69
65
71
65
64
57
67
62
60
62
66
59
46
54
58
45
51
47
56
63
71
65
60
74
75
62
54
46
41
43
48
52
28
30
32
34
39
36
36
29
35
30
37
19
22
21
26
28
22
23
22
36
50
25
19
16
10
13
11
4
5
6
4
8
13
14
31
40
22
21
21
47
14
15
16
19
15
16
13
17
70
41
38
106
127
197
81
77
74
80
81
80
79
78
77
77
79
72
77
67
71
69
68
69
71
69
78
75
66
58
64
66
75
75
78
74
70
63
60
54
57
57
57
51
54
53
50
51
53
50
39
45
47
37
42
43
46
47
61
56
56
73
68
55
48
41
35
40
41
51
29
28
28
27
36
35
29
44
52
35
45
21
24
22
26
27
25
26
28
57
68
35
27
14
15
9
11
6
11
12
8
5
6
20
38
48
25
30
25
53
12
24
25
29
19
19
6
12
13
34
43
66
85
81
78
85
85
92
92
88
85
86
80
78
81
76
75
67
70
68
68
68
68
64
71
71
67
59
67
60
65
83
72
72
69
63
59
55
60
58
56
52
60
53
51
51
55
51
40
45
46
36
42
46
45
49
63
56
59
69
66
54
47
41
35
39
40
46
29
27
28
26
38
35
30
28
36
30
41
16
20
18
21
22
19
22
27
47
56
31
23
12
11
8
8
6
9
47
6
4
4
15
29
38
17
22
21
47
12
19
21
25
17
18
6
11
13
31
38
57
74
70
68
73
74
81
77
75
76
75
72
77
74
73
72
65
68
68
68
66
72
66
67
68
59
61
61
59
62
72
67
68
67
60
56
52
57
54
53
48
55
53
52
51
53
50
38
45
48
38
42
39
109
47
58
54
50
60
63
57
53
44
36
38
40
50
25
29
31
29
36
37
34
27
33
29
34
15
19
19
28
23
20
23
22
33
42
23
17
13
8
12
10
6
5
4
4
8
12
4
28
36
20
21
21
46
13
14
13
17
12
16
14
14
15
24
28
45
71
63
62
57
70
81
90
118
142
254
111
90
91
86
85
76
74
67
67
65
92
60
59
61
38
44
60
56
69
78
72
69
68
64
60
60
50
50
51
57
70
72
112
84
73
62
56
25
40
16
26
10
21
17
33
24
22
47
42
41
39
32
39
37
40
52
48
52
55
35
26
20
16
10
6
4
6
31
35
29
17
35
28
29
6
12
21
11
12
33
57
67
61
79
79
100
83
84
85
86
4
6
20
6
11
37
51
30
25
10
63
35
75
44
39
5
7
22
63
58
52
50
61
74
76
72
84
77
77
76
77
76
80
71
64
64
53
53
52
44
43
53
32
36
56
55
59
69
81
78
68
64
60
54
52
50
46
14
33
41
78
71
73
60
59
31
46
19
29
10
26
10
26
20
13
19
25
41
39
32
47
38
43
60
47
55
57
35
28
23
17
13
15
4
11
40
52
38
26
42
34
29
7
2
5
19
15
38
60
68
62
80
76
83
80
81
82
82
6
4
26
7
13
32
57
34
30
17
64
40
76
52
44
8
6
5
78
75
73
80
78
89
88
90
85
86
84
81
82
78
80
68
73
72
69
68
69
64
75
77
67
57
62
58
63
80
73
75
68
58
54
47
55
59
50
49
50
44
54
55
58
45
42
38
41
26
36
35
37
40
62
51
51
72
68
52
38
32
25
30
34
45
16
20
25
13
26
24
17
10
26
18
30
6
14
6
4
9
7
5
6
40
51
19
5
7
39
31
24
45
60
106
69
74
88
92
20
31
2
7
4
38
16
16
15
9
29
20
43
11
9
18
28
51
76
69
63
65
72
82
84
80
83
84
82
80
83
77
79
70
76
72
66
64
66
59
59
64
50
51
63
60
64
77
75
76
71
59
57
50
58
55
53
33
49
46
68
65
67
53
50
37
44
27
39
20
35
22
45
39
40
57
52
53
41
32
38
34
39
48
28
34
38
25
28
24
19
9
8
4
11
20
23
17
6
21
14
10
2
21
33
17
4
18
37
47
42
64
61
93
79
84
86
85
5
12
8
4
3
39
36
16
12
7
44
20
59
27
23
11
21
34
73
72
71
73
74
83
85
81
85
81
80
78
81
77
83
65
70
66
66
65
67
62
72
75
60
52
57
53
58
95
74
70
66
53
49
42
51
51
45
40
48
37
62
58
62
46
42
31
32
15
23
31
26
38
56
48
54
67
65
44
30
21
28
25
30
40
17
23
29
14
15
13
9
4
22
12
27
11
11
10
3
11
9
4
3
38
53
29
9
13
50
45
39
64
77
89
90
85
86
87
15
28
5
3
2
32
29
26
22
15
43
31
58
21
18
25
38
56
29
40
33
53
32
50
58
41
45
40
40
36
43
37
41
23
18
15
30
29
16
22
50
52
35
16
8
10
9
32
23
19
14
17
12
15
6
5
4
24
23
3
55
52
55
37
42
3
5
5
2
16
12
41
53
39
57
58
56
4
8
6
26
21
16
26
46
50
51
34
20
15
9
14
20
34
28
64
59
63
38
59
68
99
66
65
73
72
66
67
82
87
87
91
92
98
94
89
174
103
55
59
58
53
32
2
72
71
70
66
73
71
74
71
68
62
69
68
76
75
73
76
76
81
86
83
85
91
78
78
79
76
77
68
71
70
70
69
71
76
75
80
69
66
65
65
68
79
72
75
75
62
59
58
62
60
58
54
58
53
52
55
56
53
39
47
50
37
43
48
52
62
75
68
65
73
70
57
46
43
36
38
41
48
22
25
28
26
41
40
35
29
46
38
47
8
17
11
21
23
16
20
23
53
63
30
15
4
5
17
12
9
18
44
25
39
55
69
39
47
14
25
19
56
3
19
17
22
4
4
26
6
4
29
40
63
90
89
85
82
90
96
99
98
97
95
97
95
100
94
94
88
90
88
88
84
87
80
80
82
74
74
81
77
82
94
92
90
87
77
74
70
79
74
71
53
69
67
76
78
79
66
59
58
59
44
54
38
54
43
65
60
56
73
72
73
54
51
44
46
51
60
33
49
46
31
45
43
37
27
29
23
34
22
28
21
14
25
20
15
8
31
44
10
4
12
4
39
32
28
17
63
34
70
84
90
24
36
12
8
14
59
18
3
3
5
7
6
51
19
17
11
21
45
97
89
85
83
91
104
103
97
98
100
97
96
97
92
96
89
89
86
87
85
85
82
82
77
61
62
68
66
69
81
76
74
72
65
63
56
64
60
59
43
57
53
62
64
65
54
47
45
49
35
43
29
45
36
55
50
46
58
60
57
45
41
34
44
46
53
30
32
35
24
35
33
28
21
23
18
26
19
22
17
11
20
17
13
6
27
36
8
3
9
5
30
26
29
20
57
34
65
79
81
20
27
9
7
11
49
13
3
2
4
10
4
42
16
14
9
17
39
76
73
69
67
76
83
91
81
85
82
83
81
84
78
80
74
75
74
74
69
70
69
67
68
56
59
69
66
69
79
76
75
75
65
63
55
64
61
58
37
55
52
63
63
69
53
47
44
47
36
41
27
41
30
57
43
38
45
51
56
45
39
33
35
40
48
26
31
34
24
34
32
29
20
19
19
22
16
21
16
11
19
15
12
6
13
22
3
3
16
21
38
35
47
41
78
65
77
84
84
9
22
9
6
10
46
22
8
5
2
28
10
50
23
21
3
7
23
75
72
72
75
77
79
80
81
85
79
81
77
78
73
75
67
71
68
68
68
69
68
72
76
66
64
64
62
64
75
70
76
69
60
58
54
60
57
56
62
56
51
51
52
55
51
39
46
59
42
46
51
45
46
62
57
55
68
68
55
47
41
36
38
41
48
23
26
30
27
37
36
32
25
36
30
40
10
15
12
17
20
15
18
19
38
55
23
12
5
3
15
12
12
7
29
14
33
49
50
31
39
14
20
17
49
3
6
8
15
3
5
22
7
5
22
29
51
78
75
71
72
82
86
83
87
89
91
91
89
89
84
88
78
83
80
78
318
149
179
157
92
69
129
83
78
79
90
85
85
81
71
63
62
65
63
62
71
66
57
64
67
70
62
60
56
57
44
55
35
52
40
57
131
50
102
82
69
56
52
43
44
48
57
35
43
45
33
46
46
37
29
31
24
35
16
27
21
17
28
22
18
10
36
45
13
4
6
7
29
23
18
25
66
38
56
70
86
26
36
17
9
15
58
3
6
5
6
4
3
39
11
8
13
23
49
89
83
85
88
87
92
94
93
92
91
91
90
94
123
91
72
72
70
73
71
70
64
73
74
67
62
88
92
71
81
73
74
87
78
62
60
60
57
57
52
55
51
50
52
54
50
39
46
48
36
43
43
45
47
62
56
56
89
69
55
46
41
35
38
41
47
25
30
28
27
37
35
31
25
37
30
40
11
16
14
19
21
18
20
24
49
56
30
21
6
16
2
2
4
8
22
9
10
8
42
32
40
15
22
18
49
11
24
23
24
16
19
2
5
5
32
39
57
79
74
75
76
77
82
83
81
88
117
80
81
82
79
80
71
74
72
71
70
73
67
74
76
69
61
65
65
66
78
73
73
71
62
72
55
60
58
57
53
57
51
51
55
55
52
39
46
48
35
43
44
45
51
65
58
59
74
73
57
49
45
35
38
42
51
20
24
26
25
37
35
30
21
38
31
78
5
8
6
13
14
8
11
16
50
58
29
13
2
15
4
3
10
25
53
29
76
111
96
37
81
15
23
12
56
6
21
18
22
9
12
7
2
2
29
41
59
78
74
74
77
77
82
83
81
84
81
82
81
82
76
80
69
73
71
71
70
72
68
75
77
68
62
66
66
69
79
74
75
70
62
62
55
60
59
60
54
58
52
51
56
56
52
37
46
48
34
42
44
45
50
87
59
58
72
70
55
46
41
33
36
40
47
17
20
23
21
35
33
26
18
35
26
41
4
8
6
10
12
8
10
14
48
57
26
12
2
13
5
4
14
27
54
32
37
54
76
29
40
7
14
9
46
4
16
14
16
7
9
9
2
2
27
39
57
73
65
60
57
66
79
83
78
81
79
79
78
81
76
79
72
68
66
61
60
61
53
54
57
43
47
58
54
62
76
71
68
66
65
59
54
54
50
48
25
41
41
73
70
72
88
60
34
45
21
34
15
28
24
39
33
26
34
55
51
48
41
45
42
46
55
40
43
47
34
33
28
20
16
9
6
10
23
31
23
17
28
22
18
7
6
11
4
5
24
33
52
47
63
54
82
75
85
84
84
5
10
16
8
16
40
31
13
10
4
36
16
66
36
31
2
3
12
64
58
53
52
63
76
81
74
78
78
79
77
82
76
79
70
67
65
56
57
57
50
43
45
40
43
58
56
61
68
71
68
65
64
60
56
56
52
50
22
40
41
73
69
72
64
58
34
50
23
34
16
29
16
35
29
16
19
26
54
50
46
50
46
50
60
41
47
58
39
37
29
35
44
20
9
12
33
41
30
23
38
32
21
11
4
7
7
8
28
39
59
53
70
67
101
126
206
147
104
6
7
21
11
19
50
39
17
14
5
44
20
78
40
37
3
2
7
62
56
48
43
62
78
89
77
81
84
85
86
86
90
84
76
68
72
54
50
53
41
32
36
28
34
56
62
102
125
96
75
65
62
56
50
47
45
40
13
23
32
73
70
72
62
59
23
36
15
25
8
18
8
21
16
10
10
13
36
42
35
45
41
47
57
51
57
60
39
32
26
19
15
8
7
6
43
49
41
23
46
38
31
13
3
4
12
14
44
53
70
68
75
74
81
77
79
80
80
9
3
29
11
17
29
54
26
22
10
58
31
75
54
50
5
4
2
